prod_id,cust_id,time_id,channel_id,promo_id,quantity_sold,amount_sold
13,987,1998-01-10,3,999,1.0,1232.16
13,1660,1998-01-10,3,999,1.0,1232.16
13,1762,1998-01-10,3,999,1.0,1232.16
13,1843,1998-01-10,3,999,1.0,1232.16
13,1948,1998-01-10,3,999,1.0,1232.16
13,2273,1998-01-10,3,999,1.0,1232.16
13,2380,1998-01-10,3,999,1.0,1232.16
13,2683,1998-01-10,3,999,1.0,1232.16
13,2865,1998-01-10,3,999,1.0,1232.16
13,4663,1998-01-10,3,999,1.0,1232.16
13,5203,1998-01-10,3,999,1.0,1232.16
13,5321,1998-01-10,3,999,1.0,1232.16
13,5590,1998-01-10,3,999,1.0,1232.16
13,6277,1998-01-10,3,999,1.0,1232.16
13,6859,1998-01-10,3,999,1.0,1232.16
13,8540,1998-01-10,3,999,1.0,1232.16
13,9076,1998-01-10,3,999,1.0,1232.16
13,12099,1998-01-10,3,999,1.0,1232.16
13,35834,1998-01-10,3,999,1.0,1232.16
14,205,1998-01-03,3,999,1.0,1108.99
14,228,1998-01-03,3,999,1.0,1108.99
14,5378,1998-01-03,3,999,1.0,1108.99
14,7983,1998-01-03,3,999,1.0,1108.99
14,9728,1998-01-03,3,999,1.0,1108.99
14,26448,1998-01-03,3,999,1.0,1108.99
14,205,1998-01-03,4,999,1.0,1108.99
14,228,1998-01-03,4,999,1.0,1108.99
14,5378,1998-01-03,4,999,1.0,1108.99
14,2,1998-01-05,2,999,1.0,1259.99
14,429,1998-01-05,2,999,1.0,1259.99
14,2903,1998-01-05,2,999,1.0,1259.99
14,3001,1998-01-05,2,999,1.0,1259.99
14,4759,1998-01-05,2,999,1.0,1259.99
14,9038,1998-01-05,2,999,1.0,1259.99
14,12783,1998-01-05,2,999,1.0,1259.99
14,2,1998-01-05,3,999,1.0,1259.99
14,429,1998-01-05,3,999,1.0,1259.99
14,1297,1998-01-05,3,999,1.0,1259.99
14,1441,1998-01-05,3,999,1.0,1259.99
15,3718,1998-01-02,3,999,1.0,1013.99
15,33763,1998-01-02,3,999,1.0,1013.99
15,1104,1998-01-02,4,999,1.0,1013.99
15,205,1998-01-03,3,999,1.0,999.99
15,5378,1998-01-03,3,999,1.0,999.99
15,7983,1998-01-03,3,999,1.0,999.99
15,9728,1998-01-03,3,999,1.0,999.99
15,2994,1998-01-05,2,999,1.0,1003.99
15,4759,1998-01-05,2,999,1.0,1003.99
15,5733,1998-01-05,2,999,1.0,1003.99
15,6279,1998-01-05,2,999,1.0,1003.99
15,9038,1998-01-05,2,999,1.0,1003.99
15,429,1998-01-05,3,999,1.0,1013.99
15,1089,1998-01-05,3,999,1.0,1013.99
15,1297,1998-01-05,3,999,1.0,1013.99
15,2382,1998-01-05,3,999,1.0,1013.99
15,2994,1998-01-05,3,999,1.0,1013.99
15,4759,1998-01-05,3,999,1.0,1013.99
15,5733,1998-01-05,3,999,1.0,1013.99
15,6279,1998-01-05,3,999,1.0,1013.99
37,513,1999-01-01,3,999,1.0,63.43
37,1818,1999-01-01,3,999,1.0,63.43
37,2583,1999-01-01,3,999,1.0,63.43
37,3816,1999-01-01,3,999,1.0,63.43
37,3929,1999-01-01,3,999,1.0,63.43
37,4688,1999-01-01,3,999,1.0,63.43
37,5766,1999-01-01,3,999,1.0,63.43
37,6316,1999-01-01,3,999,1.0,63.43
37,6769,1999-01-01,3,999,1.0,63.43
37,7258,1999-01-01,3,999,1.0,63.43
37,8196,1999-01-01,3,999,1.0,63.43
36,377,1999-03-27,3,999,1.0,51.89
36,1427,1999-03-27,3,999,1.0,51.89
36,1647,1999-03-27,3,999,1.0,51.89
36,2176,1999-03-27,3,999,1.0,51.89
36,2270,1999-03-27,3,999,1.0,51.89
36,2362,1999-03-27,3,999,1.0,51.89
36,3540,1999-03-27,3,999,1.0,51.89
36,3654,1999-03-27,3,999,1.0,51.89
36,4302,1999-03-27,3,999,1.0,51.89
36,4788,1999-03-27,3,999,1.0,51.89
36,5708,1999-03-27,3,999,1.0,51.89
36,6241,1999-03-27,3,999,1.0,51.89
36,6291,1999-03-27,3,999,1.0,51.89
36,6830,1999-03-27,3,999,1.0,51.89
36,8806,1999-03-27,3,999,1.0,51.89
36,9161,1999-03-27,3,999,1.0,51.89
36,9731,1999-03-27,3,999,1.0,51.89
36,9883,1999-03-27,3,999,1.0,51.89
36,16774,1999-03-27,3,999,1.0,51.89
36,33767,1999-03-27,3,999,1.0,51.89
38,1321,1999-01-20,3,999,1.0,35.92
38,1348,1999-01-20,3,999,1.0,35.92
38,1799,1999-01-20,3,999,1.0,35.92
38,1911,1999-01-20,3,999,1.0,35.92
38,2101,1999-01-20,3,999,1.0,35.92
38,2470,1999-01-20,3,999,1.0,35.92
38,2532,1999-01-20,3,999,1.0,35.92
38,2991,1999-01-20,3,999,1.0,35.92
38,3274,1999-01-20,3,999,1.0,35.92
38,4093,1999-01-20,3,999,1.0,35.92
38,4267,1999-01-20,3,999,1.0,35.92
38,4850,1999-01-20,3,999,1.0,35.92
38,6038,1999-01-20,3,999,1.0,35.92
38,6681,1999-01-20,3,999,1.0,35.92
38,6708,1999-01-20,3,999,1.0,35.92